000 529 90
062 448 105
063 448 73
061 422 105
060 422 73
059 415 105
058 415 73
055 379 105
054 379 73
053 351 105
052 351 73
051 344 105
050 344 73
049 316 105
048 316 73
047 294 90
045 273 76
044 246 76
041 197 128
040 235 153
039 197 153
036 235 190
035 197 190
034 235 197
033 197 197
032 235 225
031 197 225
B001 213 225
B002 213 197
B003 213 190
B004 213 153
B005 213 128
B006 213 103
B007 246 103
B008 246 90
B009 273 90
C001 471 56
C002 471 90
C003 448 90
C004 422 90
C005 415 90
C006 379 90
C007 351 90
C008 344 90
C009 316 90
C010 517 90
C011 517 106
C012 529 106
001 540 240
002 540 267
003 540 274
004 540 303
005 456 308
006 448 308
007 421 308
008 414 290
008A 518 290 
009 414 308
010 387 290
011 387 308
012 378 308
013 352 290
014 352 308
015 344 291
016 344 308
017 316 290
018 316 308
019 308 290
020 308 308
021 280 290
022 280 308
023 273 308
024 245 290
025 211 308
026 172 290
027 140 290
028 140 308 
029 80 308 
030 70 300
A000 529 227 
A001 529 240
A002 529 269
A003 529 274
A004 529 300
A005 518 300
A006a 457 300
A006 448 300 
A007 421 300
A008 414 300
A009 387 300
A010 378 300
A011 352 300
A012 344 300
A013 316 300
A014 308 300
A015 280 300
A016 273 300
A017 245 300
A018 235 300
A019 211 300
A020 197 300
A021 170 300
A022 140 300
A023 80 300
A024 197 240
A025 213 240
A026 235 240
A027 197 272
S001 517 119
S002 185 272
100 562 210
101 545 217
102 545 247
103 545 253
104 545 283
105 529 272
106 499 272
107 494 272
108 494 285
109 465 272
110 465 285
111 457 272
112 457 285
113 430 272
114 430 285
115 423 285
116 395 272
117 395 285
118 389 272
119 389 285
120 361 285
121 353 272
122 353 285
123 325 272
124 325 285
125 319 272
126 319 285
127 289 272
128 289 285
129 284 285
130 284 272
131 256 285
132 249 285
133 220 285
134 213 285
135 185 285
136 179 272
137 179 285
138 149 272
139 149 285
140 114 285
141 109 272
142 109 285
143 81 272
144 81 285
145 75 272
146 75 285
147 47 272
148 47 285
149 39 272
150 24 277
151 35 288
152 39 302
y001 529 279 (105)
y002 499 279 (106)
y003 494 279 (107)
y004 465 279 (109)
y005 457 279 (111)
y006 430 279 (113)
y007 423 279 (115)
y008 395 279 (116)
y009 389 279 (118)
y010 361 279 (120)
y011 353 279 (121)
y012 325 279 (123)
y013 319 279 (125)
y014 289 279 (127)
y015 284 279 (129)
y016 256 279 (131)
y017 249 279 (132)
y018 220 279 (133)
y019 213 279 (134)
y020 185 279 (135)
y020a 179 279 (136)
y021 149 279 (138)
y022 114 279 (140)
y023 109 279 (141)
y024 81 279 (143)
y025 75 279 (145)
y026 47 279 (147)
yw 39 279 (149)
w001 40 277 (150)
w002 40 288 (151)
xy 223 279
154 215 240
156 215 210
158 215 205
160 215 175
162 215 170
164 215 140
166 215 135
168 215 105
153 230 240
155 230 210
157 230 205
159 230 175
161 230 170
163 230 140
165 230 135
167 230 105
169 208 92
170 214 75
171 219 75
173 290 60
175 318 60
177 325 60
180 360 60
182 388 60
184 395 60
186 423 60
188 430 60
172 290 78
174 318 78
176 325 78
178 355 78
179 360 78
181 388 78
183 395 78
185 423 78
187 430 78
189 458 78
191 464 60
193 500 60
190 464 78
192 493 78
194 533 70
195 545 78
196 545 113
197 545 148
198 530 148
199 530 178
x001 223 240
x002 223 210
x003 223 205
x004 223 175
x005 223 170
x006 223 140
x007 223 135
x008 223 105
xu 223 85
u001 290 69
u002 318 69
u003 325 69
u004 355 69
u005 360 69
u006 388 69
u007 395 69
u008 423 69
u009 430 69
u010 458 69
u011 464 69
u012 493 69
u013 500 69
uz 538 78
z001 538 113
z002 538 148
z003 538 178
z004 538 210
z005 538 217
z005a 538 247
z006 538 253 
yz 538 283
e002 185 272
e001 500 95